list( Y = c( 43.96, 24.44634, 54.88515, NA, NA, NA, 6.328247, 45.31638, NA, 
28.26599, 36.19592, 16.19135, 13.06178, 30.44741, 34.52986, 7.641376, 38.6415, 
41.91905, 52.69706, 42.69014, 43.46019, 42.59519, NA, 48.29431, 46.27685, 
39.73585, NA, NA, NA, 36.90187, NA, 17.75205, NA, NA, NA, 48.30966, 39.5241, 
NA, 42.37352, NA, 21.11627, 33.05525, 19.56858, 42.74246, 49.35042, 50.56234, 
43.54568, NA, 15.15035, 35.27046, 8, NA, 24.40473, 36.9284, NA, 59.33424, NA, 
NA, 22.563, 27.68523, NA, 56.45273, 31.20325, 45.18104, 52.63071, NA, 52.7743, 
31.78077, NA, 59.74396) )
